200
idx | max_length | batch_size | initial_lr | decay_steps | decay_rate | clipnorm  | patience | min_delta  | reg_val
79  | 178        | 15         | 0.0014581  | 3108        | 0.9500000  | 1.6878344 | 45       | 0.0000082  | 0.0000010 --> 92.52
98  | 72         | 31         | 0.0002534  | 2892        | 0.3385689  | 0.3341042 | 21       | 0.0000889  | 0.0000030 --> 91.68
149 | 10         | 32         | 0.0100000  | 3301        | 0.1000000  | 0.1000000 | 60       | 0.0001000  | 0.0000010 --> 91.27
14  | 93         | 25         | 0.0005423  | 4958        | 0.1603815  | 0.6628326 | 44       | 0.0000047  | 0.0000010 --> 91.06
67  | 89         | 11         | 0.0021224  | 1361        | 0.6300453  | 1.1771933 | 57       | 0.0000147  | 0.0000088 --> 91.06
42  | 157        | 21         | 0.0002450  | 3783        | 0.6122423  | 1.1938793 | 52       | 0.0000214  | 0.0001000 --> 90.85
1   | 208        | 15         | 0.0003941  | 2511        | 0.7292519  | 0.7796849 | 37       | 0.0000204  | 0.0000056 --> 90.85
77  | 107        | 32         | 0.0048744  | 2344        | 0.8092903  | 0.9852444 | 48       | 0.0000083  | 0.0000020 --> 90.64
111 | 190        | 31         | 0.0063644  | 4751        | 0.2930843  | 0.2813737 | 59       | 0.0000316  | 0.0000180 --> 90.64
45  | 26         | 17         | 0.0004956  | 242         | 0.7163833  | 1.2095508 | 49       | 0.0000025  | 0.0000010 --> 90.64
